Update: 2025-07-26 19:40:28.397826
Update: 2025-07-26 21:36:33.552798
