Update: 2025-07-26 19:40:28.397826
Update: 2025-07-28 08:39:13.591695
