Update: 2025-07-26 19:40:28.397826
Update: 2025-07-26 20:35:33.299368
